21542691
89
97
21551817
89
95
21577507
72
80
21660519
67
76
21911722
90
97
21940796
72
81
22423602
31
39
25323908
83
89
26582825
100
100
32537680
63
76
32560252
80
86
34693846
93
100
34756346
92
97
36580470
64
77
36586410
89
95
36659092
61
65
36694214
69
80
36811180
35
41
36815694
75
85
37034071
81
88
38046173
42
46
38049748
75
89
38070645
76
84
38076352
92
97
38107819
60
71
38203824
51
62
39454897
61
70
39509377
27
37
39603089
90
98
39628029
68
78
39865324
84
94
39906672
93
98
39934765
95
100
39938634
42
42
39959929
44
44
39966742
57
66
41705377
61
73
52811882
58
63
60632221
66
72
66194176
38
41
66552472
87
92
66574799
39
41
66604331
95
100
66698879
89
95
66698887
88
95
66751900
90
95
200644425
100
100
200938397
94
99
200995645
98
95
201185592
58
67
201216330
67
80
201269297
49
57
201370525
90
98
201447364
91
95
203191382
79
83
300007903
84
91
300094612
79
91
300129616
55
66
300180767
43
45
300182326
60
70
300374055
95
100
300378163
53
63
300539632
75
83
300549318
71
79
300554813
70
79
300586708
84
90
300603255
85
91
300616133
85
93
300723152
90
96
300748217
59
71
300804770
92
97
300830478
80
87
300846698
72
80
301044483
55
69
301056750
83
89
301128104
55
66
301355673
74
83
301436515
77
83
301631149
95
100
301862454
83
86
302492947
82
88
302749924
100
100
302954979
100
100
302956800
76
83
303054605
70
82
303129340
48
48
304766454
79
81
304839913
64
73
304858616
87
93
304873672
74
86
305122004
59
77
305992364
84
90
306170507
79
87
306196833
85
91
306450537
57
70
306537150
49
49
306618547
89
95
306662834
19
19
307014035
80
88
307038752
81
88
307038794
94
99
307256800
49
56
307466375
63
73
307573881
80
87
307730853
72
79
308022011
99
100
308809003
33
39
308837285
71
82
309209062
79
84
309510121
38
39
309640480
60
67
310116108
65
72
310171814
78
85
310268347
52
63
310673140
67
76
310729397
72
79
311861462
88
97
314532714
70
84
316918929
92
97
319483053
76
84
319508784
70
77
321686388
94
99
321687840
60
68
323240457
95
100
324669241
86
92
931079305
56
53